function ATNRok(ID1,ID2,ID3,ID4,ID5,ID6)
global dcps;
global massimo
global minimo
T1=[ -0.15336, -0.15336, -0.15336, -0.15489, -0.15336, -0.15336, -0.15336, -0.15336, -0.15336, -0.15336, -0.15336, -0.15336, -0.15336, -0.15336, -0.15336, -0.15336, -0.15336, -0.15336, -0.15336, -0.15336, -0.15336, -0.15336, -0.15336, -0.15336, -0.15336, -0.15336, -0.15336, -0.15336, -0.15336, -0.15336, -0.15336, -0.15336, -0.15336, -0.15336, -0.15336, -0.15336, -0.15336, -0.15336, -0.15336, -0.15182, -0.15182, -0.15029, -0.13342, -0.13342, -0.13342, -0.13342, -0.13342, -0.13188, -0.13188, -0.13342, -0.13342, -0.13342, -0.13342, -0.13342, -0.13188, -0.13188, -0.13188, -0.13188, -0.13342, -0.13342, -0.13188, -0.13342, -0.13342, -0.13342, -0.13342, -0.13342, -0.13342, -0.13342, -0.13188, -0.13342, -0.13342, -0.13342, -0.13342, -0.13342, -0.13188, -0.13342, -0.13342, -0.13342, -0.13342, -0.13342, -0.13342, -0.13342, -0.13188, -0.13342, -0.13342, -0.13342, -0.13342, -0.13342, -0.13342, -0.13342, -0.13342, -0.13342, -0.13342, -0.13342, -0.13342, -0.13342, -0.13342, -0.13342, -0.13342, -0.13342, -0.13342, -0.13188, -0.13342, -0.13342, -0.13342, -0.13342, -0.13342, -0.13342, -0.13342, -0.13342, -0.13342, -0.13342, -0.13342, -0.13342, -0.13342, -0.13342, -0.13342, -0.13342, -0.13342, -0.13342, -0.13342, -0.13342, -0.13342, -0.13342, -0.13342, -0.13342, -0.13342, -0.13342, -0.13342, -0.13342, -0.13342, -0.13342, -0.13342, -0.13342, -0.13342, -0.13342, -0.13342, -0.13342, -0.13342, -0.13342, -0.13342, -0.13342, -0.13342, -0.13342, -0.13342, -0.13342, -0.13342, -0.13342, -0.13342, -0.13342, -0.13495, -0.13342, -0.13342, -0.13342, -0.13342, -0.13342, -0.13495, -0.13495, -0.13495, -0.13495, -0.13342, -0.13495, -0.13495, -0.13495, -0.13495, -0.13495, -0.13495, -0.13495, -0.13495, -0.13495, -0.13495, -0.13495, -0.13495, -0.13495, -0.13495, -0.13495, -0.13495, -0.13495, -0.13495, -0.13495, -0.13495, -0.13495, -0.13495, -0.13495, -0.13495, -0.13495, -0.13495, -0.13495, -0.13495, -0.13495, -0.13648, -0.13495, -0.13648, -0.13495, -0.13648, -0.13648, -0.13495, -0.13648, -0.13648, -0.13648, -0.13648, -0.13648, -0.13648, -0.13495, -0.13648, -0.13648, -0.13495, -0.13495, -0.13648, -0.13495, -0.13495, -0.13495, -0.13495, -0.13495, -0.13495, -0.13495, -0.13495, -0.13495, -0.13495, -0.13495, -0.13495, -0.13495, -0.13495, -0.13495, -0.13495, -0.13495, -0.13495, -0.13495, -0.13495, -0.13495, -0.13495, -0.13495, -0.13495, -0.13495, -0.13495, -0.13495, -0.13495, -0.13495, -0.13495, -0.13495, -0.13342, -0.13495, -0.13495, -0.13495, -0.13495, -0.13495, -0.13495, -0.13495, -0.13495, -0.13495, -0.13495, -0.13342, -0.13495, -0.13495, -0.13495, -0.13495, -0.13495, -0.13495, -0.13495, -0.13495, -0.13495, -0.13495, -0.13495, -0.13495, -0.13495, -0.13495, -0.13495, -0.13495, -0.13495, -0.13495, -0.13495, -0.13495, -0.13495, -0.13495, -0.13495, -0.13495, -0.13495, -0.13495, -0.13495, -0.13495, -0.13495, -0.13495, -0.13495, -0.13495, -0.13495, -0.13495, -0.13648, -0.13495, -0.13495, -0.13495, -0.13495, -0.13495, -0.13495, -0.13495, -0.13495, -0.13495, -0.13495, -0.13495];
T2=[ -0.20253, -0.20253, -0.20253, -0.20100, -0.20253, -0.20100, -0.20253, -0.20253, -0.20253, -0.20253, -0.20253, -0.20253, -0.20253, -0.20253, -0.20253, -0.20253, -0.20253, -0.20253, -0.20253, -0.20100, -0.20253, -0.20253, -0.20100, -0.20253, -0.20100, -0.20253, -0.20253, -0.20253, -0.20253, -0.20253, -0.20253, -0.20253, -0.20253, -0.20253, -0.20253, -0.20253, -0.20253, -0.20253, -0.20253, -0.21020, -0.21020, -0.21173, -0.21173, -0.21173, -0.21173, -0.21173, -0.21327, -0.21327, -0.21173, -0.21327, -0.21327, -0.21327, -0.21327, -0.21173, -0.21173, -0.21327, -0.21173, -0.21173, -0.21173, -0.21173, -0.21327, -0.21173, -0.21173, -0.21173, -0.21173, -0.21173, -0.21173, -0.21173, -0.21327, -0.21173, -0.21173, -0.21173, -0.21173, -0.21327, -0.21173, -0.21327, -0.21173, -0.21327, -0.21327, -0.21173, -0.21173, -0.21173, -0.21173, -0.21173, -0.21327, -0.21173, -0.21173, -0.21173, -0.21327, -0.21173, -0.21173, -0.21173, -0.21327, -0.21173, -0.21173, -0.21173, -0.21173, -0.21173, -0.21327, -0.21173, -0.21173, -0.21173, -0.21173, -0.21173, -0.21173, -0.21173, -0.21173, -0.21173, -0.21327, -0.21173, -0.21173, -0.21173, -0.21173, -0.21173, -0.21173, -0.21173, -0.21327, -0.21173, -0.21327, -0.21173, -0.21327, -0.21173, -0.21173, -0.21173, -0.21173, -0.21173, -0.21173, -0.21173, -0.21173, -0.21327, -0.21173, -0.21327, -0.21173, -0.21173, -0.21173, -0.21173, -0.21327, -0.21173, -0.21327, -0.21173, -0.21173, -0.21327, -0.21327, -0.21173, -0.21327, -0.21327, -0.21327, -0.21327, -0.21327, -0.21327, -0.21480, -0.21480, -0.21480, -0.21480, -0.21480, -0.21480, -0.21480, -0.21480, -0.21480, -0.21480, -0.21480, -0.21480, -0.21480, -0.21480, -0.21480, -0.21480, -0.21480, -0.21480, -0.21480, -0.21480, -0.21480, -0.21480, -0.21480, -0.21480, -0.21480, -0.21480, -0.21480, -0.21480, -0.21480, -0.21480, -0.21480, -0.21480, -0.21480, -0.21480, -0.21480, -0.21480, -0.21480, -0.21173, -0.20560, -0.20253, -0.19793, -0.19179, -0.18412, -0.17338, -0.16418, -0.15498, -0.14731, -0.13810, -0.12890, -0.11663, -0.10435, -0.08901, -0.07674, -0.06600, -0.04606, -0.03993, -0.02152, -0.01538, -0.00464, 0.00456, 0.01376, 0.02297, 0.03217, 0.03984, 0.04598, 0.05211, 0.05518, 0.05825, 0.06439, 0.06745, 0.06745, 0.07359, 0.07819, 0.08279, 0.08740, 0.09046, 0.09200, 0.09507, 0.09660, 0.09967, 0.10120, 0.10274, 0.10274, 0.10274, 0.10274, 0.10274, 0.10274, 0.10274, 0.10274, 0.10274, 0.10274, 0.10274, 0.10274, 0.10274, 0.10427, 0.10427, 0.10580, 0.10734, 0.11041, 0.11654, 0.11961, 0.12268, 0.12421, 0.12728, 0.12881, 0.12881, 0.12881, 0.12881, 0.12881, 0.12881, 0.12881, 0.12881, 0.12881, 0.12881, 0.12881, 0.12881, 0.12881, 0.12881, 0.12881, 0.12881, 0.12881, 0.12881, 0.12881, 0.12881, 0.12728, 0.12728, 0.12881, 0.12881, 0.12881, 0.12881, 0.12881, 0.12728, 0.12728, 0.12881, 0.12881, 0.12881, 0.12881, 0.12881, 0.12728, 0.12881, 0.12881, 0.12881, 0.12881, 0.12881, 0.12728, 0.12881, 0.12881, 0.12881];
