function GallantReflexok(ID1,ID2,ID3,ID4,ID5,ID6)
global dcps;
global massimo
global minimo
T1=[ -0.44328, -0.44328, -0.44328, -0.44328, -0.44328, -0.44328, -0.44328, -0.44328, -0.44328, -0.44328, -0.44328, -0.44328, -0.44328, -0.44328, -0.44328, -0.44328, -0.44328, -0.44328, -0.44328, -0.44328, -0.44328, -0.44328, -0.44328, -0.44328, -0.44328, -0.44328, -0.44328, -0.44328, -0.44328, -0.44328, -0.44328, -0.44328, -0.44328, -0.44328, -0.44328, -0.44328, -0.44328, -0.44328, -0.44328, -0.44328, -0.44328, -0.44328, -0.44328, -0.44328, -0.44328, -0.44328, -0.44328, -0.44328, -0.44328, -0.44328, -0.44328, -0.44328, -0.44328, -0.44328, -0.44328, -0.44328, -0.44328, -0.44328, -0.44328, -0.44328, -0.44175, -0.44328, -0.44175, -0.44175, -0.44175, -0.44328, -0.44175, -0.44328, -0.44328, -0.44175, -0.44328, -0.44328, -0.44175, -0.44328, -0.44175, -0.44175, -0.44328, -0.44175, -0.44328, -0.44328, -0.44175, -0.44328, -0.44328, -0.44328, -0.44328, -0.44175, -0.44175, -0.44175, -0.44328, -0.44175, -0.44175, -0.44175, -0.44328, -0.44175, -0.44175, -0.44175, -0.44175, -0.44175, -0.44175, -0.44175, -0.43561, -0.43561, -0.43561, -0.42948, -0.42181, -0.41721, -0.40954, -0.39880, -0.38959, -0.38192, -0.37272, -0.36505, -0.36198, -0.35738, -0.35585, -0.35585, -0.35585, -0.35585, -0.35585, -0.35585, -0.35585, -0.35585, -0.35585, -0.35585, -0.35585, -0.35585, -0.35585, -0.35585, -0.35431, -0.34511, -0.33590, -0.32517, -0.30983, -0.29295, -0.27915, -0.27301, -0.26841, -0.26227, -0.25307, -0.25000, -0.24233, -0.23313, -0.22085, -0.21012, -0.19938, -0.18711, -0.17177, -0.15949, -0.14569, -0.13342, -0.11808, -0.10427, -0.09200, -0.07666, -0.06132, -0.04905, -0.03677, -0.03491, -0.03491, -0.03491, -0.03491, -0.03491, -0.03491, -0.03491, -0.03491, -0.03491, -0.03491, -0.03491, -0.03491, -0.03491, -0.03491, -0.03491, -0.03491, -0.03491, -0.03491, -0.03491, -0.03491, -0.03491, -0.03491, -0.03491, -0.03491, -0.03491, -0.03491, -0.03491, -0.03491, -0.03491, -0.03491, -0.03491, -0.03491, -0.03491, -0.03491, -0.03491, -0.03491, -0.03491, -0.03491, -0.03491, -0.03491, -0.03491, -0.03491, -0.03491, -0.03491, -0.03491, -0.03491, -0.03491, -0.03491, -0.03491, -0.03491, -0.03491, -0.03491, -0.03491, -0.03491, -0.03491, -0.03491, -0.03491, -0.03491, -0.03491, -0.03491, -0.03491, -0.03491, -0.03491, -0.03491, -0.03491, -0.03491, -0.03491, -0.03491, -0.03491, -0.03491, -0.03491, -0.03491, -0.03491, -0.03491, -0.03491, -0.03491, -0.03491, -0.03491, -0.03491, -0.03491, -0.03491, -0.03491, -0.03491, -0.03491, -0.03491, -0.03491, -0.03491, -0.03491, -0.03491, -0.03491, -0.03491, -0.03491, -0.03491, -0.03491, -0.03491, -0.03491, -0.03491, -0.03491, -0.03491, -0.03491, -0.03491, -0.03491, -0.03491, -0.03491, -0.03491, -0.03491, -0.03491, -0.03491, -0.03491, -0.03491, -0.03491, -0.03491, -0.03491, -0.03491, -0.03491, -0.03491, -0.03491, -0.03491, -0.03491, -0.03491, -0.03491, -0.03491, -0.03491, -0.03491, -0.03491, -0.03491, -0.03491, -0.03491, -0.03491, -0.03491, -0.03491, -0.03491, -0.03491, -0.03491, -0.03491, -0.03491, -0.03491, -0.03491, -0.03491, -0.03491, -0.03491, -0.03491, -0.03491, -0.03491, -0.03491, -0.03491, -0.03491, -0.03491, -0.03491, -0.03491];
T2=[ -1.86999, -1.86999, -1.86845, -1.86999, -1.86999, -1.86999, -1.86999, -1.86999, -1.86845, -1.86845, -1.86999, -1.86999, -1.86999, -1.86845, -1.86999, -1.86999, -1.86999, -1.86999, -1.86999, -1.86845, -1.86999, -1.86845, -1.86845, -1.86845, -1.86845, -1.86845, -1.86845, -1.86845, -1.86845, -1.86692, -1.85772, -1.85772, -1.85618, -1.85772, -1.85772, -1.85772, -1.85618, -1.85772, -1.85772, -1.85772, -1.85772, -1.85772, -1.85772, -1.85772, -1.85772, -1.85925, -1.85925, -1.86078, -1.86078, -1.86078, -1.86692, -1.86692, -1.86845, -1.86845, -1.86845, -1.86845, -1.86845, -1.86845, -1.87152, -1.87152, -1.87459, -1.87612, -1.87612, -1.87612, -1.87612, -1.87612, -1.87612, -1.87612, -1.87612, -1.87612, -1.87612, -1.87612, -1.87612, -1.87612, -1.87612, -1.87766, -1.87766, -1.87766, -1.87766, -1.88073, -1.88379, -1.88533, -1.88840, -1.88993, -1.89146, -1.89453, -1.90067, -1.90527, -1.91141, -1.91754, -1.92214, -1.92521, -1.93135, -1.93595, -1.94515, -1.95436, -1.96356, -1.96970, -1.97430, -1.97583, -1.97737, -1.98044, -1.98504, -1.98811, -1.99424, -1.99884, -2.00191, -2.00805, -2.01572, -2.02339, -2.03106, -2.03719, -2.04333, -2.05253, -2.05714, -2.06481, -2.06787, -2.07401, -2.07708, -2.08321, -2.08567, -2.08567, -2.08567, -2.08567, -2.08567, -2.08567, -2.08567, -2.08567, -2.08567, -2.08567, -2.08567, -2.08567, -2.08567, -2.08567, -2.08567, -2.08567, -2.08567, -2.08567, -2.08567, -2.08567, -2.08567, -2.08567, -2.08567, -2.08567, -2.08567, -2.08567, -2.08567, -2.08567, -2.08567, -2.08567, -2.08567, -2.08567, -2.08567, -2.08567, -2.08567, -2.08567, -2.08567, -2.08567, -2.08567, -2.08567, -2.08567, -2.08567, -2.08567, -2.08567, -2.08567, -2.08567, -2.08567, -2.08567, -2.08567, -2.08567, -2.08567, -2.08567, -2.08567, -2.08567, -2.08567, -2.08567, -2.08567, -2.08567, -2.08567, -2.08475, -2.07861, -2.07554, -2.06941, -2.06481, -2.06174, -2.05867, -2.05253, -2.04486, -2.03566, -2.02492, -2.01418, -2.00038, -1.98964, -1.97583, -1.96203, -1.94669, -1.92828, -1.91447, -1.89913, -1.88533, -1.86999, -1.85772, -1.84238, -1.83471, -1.82090, -1.81323, -1.79329, -1.78255, -1.76721, -1.75187, -1.73806, -1.72579, -1.70738, -1.69051, -1.67517, -1.65830, -1.63989, -1.62148, -1.60154, -1.58466, -1.57239, -1.54938, -1.52484, -1.50490, -1.48495, -1.46655, -1.44814, -1.43280, -1.41439, -1.39752, -1.38064, -1.35763, -1.34996, -1.33462, -1.31928, -1.30241, -1.28707, -1.27019, -1.25792, -1.24258, -1.23031, -1.21804, -1.20270, -1.19043, -1.17509, -1.15975, -1.14594, -1.13367, -1.11986, -1.10912, -1.09839, -1.08918, -1.08765, -1.08611, -1.08458, -1.08458, -1.08458, -1.08458, -1.08305, -1.08305, -1.08305, -1.08305, -1.08305, -1.08305, -1.08305, -1.08305, -1.08305, -1.08305, -1.08458, -1.08611, -1.08611, -1.08765, -1.09532, -1.09532, -1.09532, -1.09685, -1.09532, -1.09532, -1.09532, -1.09532, -1.09532, -1.09685, -1.09685, -1.09685, -1.09685, -1.09532, -1.09532, -1.09685, -1.09532, -1.09532, -1.09532, -1.09532, -1.09685, -1.09532, -1.09532, -1.09685, -1.09685, -1.09532, -1.09532, -1.09532, -1.09532, -1.09532, -1.09685, -1.09532, -1.09685, -1.09532, -1.09532];
