function MoroStrettoReflexok(ID1,ID2,ID3,ID4,ID5,ID6)
global dcps;
global massimo
global minimo
T1=[ -0.23159, -0.23159, -0.23159, -0.23159, -0.23159, -0.23159, -0.23159, -0.23159, -0.23159, -0.23159, -0.23159, -0.23159, -0.23159, -0.23159, -0.23159, -0.23159, -0.23159, -0.23159, -0.23159, -0.23159, -0.23159, -0.23159, -0.23159, -0.23159, -0.23159, -0.23159, -0.23159, -0.23159, -0.23159, -0.23159, -0.23159, -0.23159, -0.23159, -0.23159, -0.23159, -0.23159, -0.23159, -0.23159, -0.23159, -0.23159, -0.23159, -0.23159, -0.23313, -0.23313, -0.23313, -0.23159, -0.23313, -0.23313, -0.23313, -0.23313, -0.26227, -0.26381, -0.26381, -0.26381, -0.26227, -0.26381, -0.26381, -0.26227, -0.26227, -0.26227, -0.26381, -0.26227, -0.26227, -0.26227, -0.26227, -0.26227, -0.26227, -0.26227, -0.26227, -0.26227, -0.26227, -0.26227, -0.26227, -0.26227, -0.26227, -0.26227, -0.26227, -0.26227, -0.26227, -0.26227, -0.26227, -0.26227, -0.26227, -0.26227, -0.26227, -0.26227, -0.26227, -0.26227, -0.26227, -0.26227, -0.26227, -0.26227, -0.26074, -0.26227, -0.26227, -0.26227, -0.26074, -0.26227, -0.26227, -0.26227, -0.26074, -0.26227, -0.26227, -0.26227, -0.26074, -0.26074, -0.26227, -0.26227, -0.26227, -0.26227, -0.26227, -0.26074, -0.26227, -0.26074, -0.26227, -0.26227, -0.26227, -0.26227, -0.26227, -0.26227, -0.26227, -0.26227, -0.26227, -0.26227, -0.26227, -0.26227, -0.26227, -0.26227, -0.26227, -0.26227, -0.26227, -0.26227, -0.26227, -0.26074, -0.26227, -0.26227, -0.26227, -0.26227, -0.26227, -0.26227, -0.26227, -0.26227, -0.26227, -0.26227, -0.26227, -0.26227, -0.26227, -0.26227, -0.26227, -0.26227, -0.26227, -0.26227, -0.26227, -0.26227, -0.26227, -0.26227, -0.26227, -0.26227, -0.26074, -0.26227, -0.26227, -0.26227, -0.26074, -0.26227, -0.26227, -0.26227, -0.26074, -0.26227, -0.26227, -0.26074, -0.26227, -0.26227, -0.26227, -0.26074, -0.26227, -0.26074, -0.26074, -0.26074, -0.26074, -0.26074, -0.26074, -0.26074, -0.26227, -0.26227, -0.26227, -0.26227, -0.26227, -0.26227, -0.26227, -0.26227, -0.26227, -0.26227, -0.26227, -0.26227, -0.26227, -0.26227, -0.26227, -0.26227, -0.26227, -0.26227, -0.26227, -0.26227, -0.26227, -0.26074, -0.26227, -0.26227, -0.26074, -0.26074, -0.26074, -0.26074, -0.26074, -0.26227, -0.26227, -0.26074, -0.26074, -0.26074, -0.26074, -0.26227, -0.26074, -0.26074, -0.26074, -0.26074, -0.26074, -0.26227, -0.26074, -0.26074, -0.26074, -0.26074, -0.26074, -0.26074, -0.26227, -0.26227, -0.26227, -0.26227, -0.26074, -0.26074, -0.26227, -0.26227, -0.26227, -0.26227, -0.26227, -0.26227, -0.26227, -0.26227, -0.26227, -0.26381, -0.26381, -0.26227, -0.26381, -0.26841, -0.27148, -0.27454, -0.27761, -0.28528, -0.29449, -0.30216, -0.30983, -0.30983, -0.30983, -0.30829, -0.30829, -0.30829, -0.30676, -0.30676, -0.30676, -0.30369, -0.30369, -0.30369, -0.30369, -0.30369, -0.30522, -0.30522, -0.30369, -0.30522, -0.30369, -0.30522, -0.30522, -0.30369, -0.30522, -0.30522, -0.30522, -0.30369, -0.30369, -0.30369, -0.30522, -0.30369, -0.30522, -0.30369, -0.30369, -0.30522, -0.30522, -0.30522, -0.30522, -0.30522, -0.30522, -0.30522, -0.30676, -0.30676, -0.30676, -0.30676, -0.30676, -0.30676, -0.30676, -0.30676, -0.30829, -0.30829, -0.30829, -0.30829, -0.30829, -0.30829, -0.30829, -0.30829, -0.30829, -0.30829, -0.30829, -0.30829, -0.30829, -0.30829, -0.30829, -0.30676, -0.30829, -0.30676, -0.30676, -0.30676, -0.30676, -0.30676, -0.30829, -0.30676, -0.30676, -0.30829, -0.30676, -0.30829, -0.30676, -0.30676, -0.30676, -0.30676, -0.30676, -0.30676, -0.30676, -0.30676, -0.30676, -0.30676, -0.30676, -0.30676, -0.30676, -0.30676, -0.30829, -0.30676, -0.30829, -0.30676, -0.30676, -0.30829, -0.30829, -0.30676, -0.30829, -0.30829, -0.30676, -0.30676, -0.30829, -0.30829, -0.30676, -0.30676, -0.30829, -0.30829, -0.30676, -0.30676, -0.30676, -0.30829, -0.30676, -0.30676, -0.30676, -0.30676, -0.30676, -0.30676, -0.30676, -0.30676, -0.30676, -0.30676, -0.30676, -0.30676, -0.30829, -0.30829, -0.30676, -0.30829, -0.30829, -0.30676, -0.30829, -0.30829, -0.30676, -0.30829, -0.30829, -0.30829, -0.30829, -0.30829, -0.30829, -0.30829, -0.30829, -0.30829, -0.30829, -0.30829, -0.30829, -0.30829, -0.30829, -0.30829, -0.30829, -0.30829, -0.30829, -0.30829, -0.30829, -0.30829, -0.30829, -0.30829, -0.30829, -0.30829, -0.30829, -0.30829, -0.30829, -0.30676, -0.30829, -0.30829, -0.30829, -0.30829, -0.30829, -0.30676, -0.30829, -0.30829, -0.30829, -0.30829, -0.30829, -0.30829, -0.30829, -0.30676, -0.30829, -0.30676, -0.30829, -0.30829, -0.30829, -0.30829, -0.30676, -0.30676, -0.30829, -0.30829, -0.30829, -0.30829, -0.30829, -0.30829, -0.30829, -0.30829, -0.30829, -0.30829, -0.30829, -0.30829, -0.30829, -0.30829, -0.30676, -0.30829, -0.30829, -0.30829, -0.30829, -0.30829, -0.30829, -0.30676, -0.30676, -0.30829, -0.30829, -0.30829, -0.30829, -0.30676, -0.30829, -0.30829, -0.30829, -0.30829, -0.30829, -0.30676, -0.30829, -0.30829, -0.30829, -0.30829, -0.30829, -0.30829, -0.30829, -0.30829, -0.30829, -0.30829, -0.30829, -0.30676, -0.30676, -0.30829, -0.30676, -0.30676, -0.30676, -0.30829, -0.30829, -0.30829, -0.30676, -0.30676, -0.30829, -0.30676, -0.30676, -0.30676, -0.30829, -0.30676, -0.30676, -0.30676, -0.30676, -0.30676, -0.30829, -0.30676, -0.30676, -0.30676, -0.30676, -0.30676, -0.30676, -0.30676, -0.30676, -0.30676, -0.30676, -0.30676, -0.30676, -0.30676, -0.30676, -0.30676, -0.30676, -0.30676, -0.30676, -0.30676, -0.30676, -0.30676, -0.30676, -0.30676, -0.30676, -0.30676, -0.30676, -0.30676, -0.30676, -0.30676];
