function MoroReflexok(ID1,ID2,ID3,ID4,ID5,ID6)
global dcps;
global massimo
global minimo
T1=[ -0.31136, -0.31136, -0.31136, -0.31136, -0.31136, -0.31136, -0.31136, -0.31136, -0.31136, -0.31136, -0.30983, -0.31136, -0.31136, -0.31136, -0.31136, -0.31136, -0.31136, -0.31136, -0.31136, -0.31136, -0.31136, -0.31136, -0.31136, -0.31136, -0.31136, -0.31136, -0.31136, -0.31136, -0.31136, -0.31136, -0.31136, -0.31136, -0.31136, -0.31136, -0.31136, -0.31136, -0.31136, -0.31136, -0.31136, -0.31136, -0.31136, -0.31136, -0.31136, -0.30983, -0.31136, -0.31136, -0.31136, -0.31136, -0.31136, -0.31136, -0.31136, -0.31136, -0.31136, -0.31136, -0.31136, -0.31136, -0.31136, -0.31136, -0.31136, -0.31136, -0.31136, -0.31136, -0.31136, -0.31136, -0.31136, -0.31136, -0.31136, -0.31136, -0.31136, -0.31136, -0.31136, -0.31136, -0.31136, -0.31136, -0.31136, -0.30983, -0.31136, -0.31136, -0.30983, -0.31136, -0.31136, -0.31136, -0.31136, -0.31136, -0.30983, -0.30983, -0.30983, -0.30983, -0.30983, -0.30983, -0.30983, -0.30983, -0.30983, -0.30983, -0.30983, -0.30983, -0.30983, -0.30983, -0.30983, -0.31136, -0.30983, -0.30983, -0.31136, -0.31136, -0.31136, -0.31136, -0.31136, -0.31136, -0.31136, -0.31136, -0.31136, -0.31136, -0.31136, -0.31136, -0.31136, -0.31136, -0.31136, -0.31136, -0.31136, -0.31136, -0.31136, -0.31136, -0.31136, -0.31136, -0.31136, -0.31136, -0.31136, -0.31136, -0.31136, -0.31136, -0.31136, -0.31136, -0.31136, -0.31136, -0.31136, -0.31136, -0.31136, -0.31136, -0.31136, -0.31136, -0.31136, -0.31136, -0.31136, -0.31136, -0.31136, -0.31136, -0.31136, -0.30983, -0.30983, -0.30983, -0.30983, -0.30983, -0.30983, -0.30983, -0.30983, -0.30983, -0.30983, -0.30983, -0.30983, -0.30983, -0.30983, -0.30983, -0.30983, -0.30983, -0.30829, -0.30983, -0.30676, -0.30676, -0.30522, -0.30522, -0.30522, -0.30522, -0.30522, -0.30522, -0.30676, -0.30676, -0.30676, -0.30676, -0.30522, -0.30676, -0.30676, -0.30676, -0.30676, -0.30522, -0.30676, -0.30676, -0.30676, -0.30676, -0.30676, -0.30676, -0.30676, -0.30676, -0.30676, -0.30676, -0.30676, -0.30676, -0.30676, -0.30676, -0.30676, -0.30676, -0.30676, -0.30676, -0.30676, -0.30676, -0.30676, -0.30676, -0.30676, -0.30829, -0.30676, -0.30676, -0.30676, -0.30829, -0.30829, -0.30829, -0.31136, -0.31136, -0.31136, -0.31136, -0.31136, -0.31136, -0.31136, -0.31136, -0.31136, -0.31136, -0.31136, -0.31136, -0.31136, -0.31136, -0.31136, -0.31136, -0.31136, -0.31136, -0.31136, -0.31136, -0.31136, -0.31136, -0.31136, -0.31136, -0.31136, -0.31136, -0.31289, -0.32056, -0.32977, -0.33437, -0.34971, -0.35585, -0.37425, -0.38499, -0.38806, -0.39266, -0.39420, -0.39420, -0.39420, -0.39420, -0.39420, -0.39420, -0.39420, -0.39266, -0.39266, -0.39266, -0.39266, -0.39266, -0.39266, -0.39266, -0.39266, -0.39266, -0.39266, -0.39266, -0.39266, -0.39266, -0.39266, -0.39266, -0.39266, -0.39266, -0.39266, -0.39266, -0.39266, -0.39266, -0.39266, -0.39266, -0.39266, -0.39266, -0.39266, -0.39266, -0.39266, -0.39266, -0.39266, -0.39266, -0.39266, -0.39266, -0.39266, -0.39266, -0.39266, -0.39266, -0.39266, -0.39266, -0.39266, -0.39266, -0.39266, -0.39266];
T2=[ -1.89146, -1.89146, -1.89146, -1.89146, -1.89146, -1.89146, -1.89146, -1.89146, -1.89146, -1.89146, -1.89146, -1.89146, -1.89146, -1.89146, -1.89146, -1.89146, -1.89146, -1.89146, -1.89146, -1.89146, -1.89146, -1.89146, -1.89146, -1.89146, -1.89146, -1.89146, -1.89146, -1.89146, -1.89146, -1.89146, -1.89146, -1.89146, -1.89146, -1.89146, -1.89146, -1.89146, -1.89146, -1.88993, -1.88993, -1.88993, -1.88993, -1.88993, -1.88993, -1.88993, -1.88993, -1.88993, -1.88993, -1.88993, -1.88993, -1.88993, -1.88993, -1.88993, -1.88993, -1.89146, -1.89146, -1.89146, -1.88993, -1.89146, -1.88993, -1.89146, -1.89146, -1.89146, -1.89146, -1.89146, -1.89146, -1.89146, -1.89146, -1.89146, -1.89300, -1.89300, -1.89300, -1.89300, -1.89300, -1.89300, -1.89913, -1.89913, -1.89913, -1.89913, -1.89913, -1.89913, -1.90067, -1.90067, -1.90067, -1.90067, -1.90067, -1.90067, -1.90067, -1.90220, -1.90220, -1.90374, -1.90527, -1.90834, -1.91141, -1.91447, -1.91601, -1.92061, -1.92368, -1.92675, -1.92828, -1.93748, -1.94055, -1.95436, -1.95896, -1.97277, -1.98044, -1.98504, -1.99884, -2.00958, -2.02032, -2.02952, -2.03413, -2.04640, -2.05100, -2.06020, -2.06634, -2.06787, -2.06787, -2.06634, -2.05867, -2.05867, -2.06174, -2.06787, -2.07248, -2.07401, -2.08015, -2.08475, -2.08567, -2.08567, -2.08567, -2.08567, -2.08567, -2.08567, -2.08567, -2.08567, -2.08567, -2.08567, -2.08567, -2.08567, -2.08567, -2.08567, -2.08567, -2.08567, -2.08567, -2.08567, -2.08567, -2.08567, -2.08567, -2.08567, -2.08567, -2.08567, -2.08567, -2.08567, -2.08567, -2.08567, -2.08567, -2.08567, -2.08567, -2.08567, -2.08567, -2.08567, -2.08567, -2.08567, -2.08567, -2.08567, -2.08567, -2.08567, -2.08567, -2.08567, -2.08567, -2.08567, -2.04793, -2.02952, -1.98044, -1.94822, -1.86692, -1.79329, -1.76107, -1.75494, -1.74113, -1.72119, -1.69204, -1.66136, -1.63682, -1.61228, -1.58466, -1.55859, -1.51257, -1.42206, -1.38064, -1.31775, -1.30394, -1.28707, -1.26559, -1.25332, -1.21190, -1.14901, -1.12293, -1.10299, -1.08611, -1.06310, -1.04316, -1.02169, -1.00788, -0.97720, -0.94499, -0.94499, -0.90357, -0.89130, -0.86982, -0.85908, -0.82687, -0.81306, -0.79159, -0.77164, -0.74557, -0.72716, -0.71182, -0.69955, -0.69341, -0.67960, -0.66426, -0.64892, -0.63819, -0.63052, -0.62131, -0.61671, -0.61057, -0.59063, -0.57529, -0.56302, -0.55228, -0.53848, -0.53848, -0.52774, -0.52160, -0.51240, -0.50933, -0.50626, -0.50473, -0.50013, -0.49859, -0.50013, -0.50013, -0.50013, -0.50013, -0.50013, -0.50013, -0.50166, -0.50166, -0.50166, -0.50166, -0.50166, -0.50166, -0.50166, -0.50166, -0.50166, -0.50319, -0.50626, -0.50933, -0.50933, -0.50933, -0.50933, -0.50780, -0.50780, -0.50626, -0.50780, -0.50626, -0.50780, -0.50780, -0.50780, -0.50780, -0.50780, -0.50780, -0.50780, -0.50780, -0.50780, -0.50780, -0.50780, -0.50780, -0.50780, -0.50780, -0.50626, -0.50780, -0.50626, -0.50626, -0.50626, -0.50626, -0.50626, -0.50780, -0.50780, -0.50626, -0.50626, -0.50626, -0.50626, -0.50626, -0.50626, -0.50626, -0.50626, -0.50626, -0.50473];
