function ParachuteReflexok(ID1,ID2,ID3,ID4,ID5,ID6)
global dcps;
global massimo
global minimo
T1=[ -0.12421, -0.12421, -0.12575, -0.12421, -0.12421, -0.12421, -0.12421, -0.12421, -0.12575, -0.12421, -0.12575, -0.12421, -0.12575, -0.12421, -0.12575, -0.12421, -0.12421, -0.12575, -0.12575, -0.12421, -0.12575, -0.12421, -0.12575, -0.12575, -0.12575, -0.12421, -0.12575, -0.12575, -0.12421, -0.12421, -0.12421, -0.12421, -0.12575, -0.12575, -0.12421, -0.12421, -0.12575, -0.12421, -0.12575, -0.12575, -0.12575, -0.12575, -0.12575, -0.12575, -0.14262, -0.14262, -0.14262, -0.14262, -0.14262, -0.14262, -0.14262, -0.14569, -0.14569, -0.14569, -0.14569, -0.14569, -0.14722, -0.14569, -0.14569, -0.14569, -0.14569, -0.14569, -0.14876, -0.14876, -0.14876, -0.14876, -0.15643, -0.15643, -0.15643, -0.15643, -0.15796, -0.15949, -0.16103, -0.16563, -0.16716, -0.17330, -0.17637, -0.18864, -0.19171, -0.20091, -0.20398, -0.20551, -0.21318, -0.21932, -0.22392, -0.22699, -0.23159, -0.23619, -0.23773, -0.23926, -0.24233, -0.24233, -0.24233, -0.24233, -0.24233, -0.24540, -0.24693, -0.24693, -0.24693, -0.24693, -0.24693, -0.24693, -0.24693, -0.24693, -0.24693, -0.24693, -0.24693, -0.24693, -0.24693, -0.24693, -0.24693, -0.24693, -0.24693, -0.24693, -0.24693, -0.24693, -0.24693, -0.24693, -0.24693, -0.24693, -0.24693, -0.24693, -0.24693, -0.24693, -0.24693, -0.24693, -0.24693, -0.24693, -0.24693, -0.24693, -0.24693, -0.24540, -0.24540, -0.24386, -0.24386, -0.24233, -0.24233, -0.24233, -0.24233, -0.24233, -0.24233, -0.24233, -0.24233, -0.24233, -0.24080, -0.24080, -0.24233, -0.24233, -0.24080, -0.24233, -0.24080, -0.24233, -0.24233, -0.24233, -0.24233, -0.24080, -0.24233, -0.24233, -0.24233, -0.24233, -0.24386, -0.24386, -0.24386, -0.24386, -0.24693, -0.24693, -0.24847, -0.25000, -0.25153, -0.25153, -0.25153, -0.25307, -0.25460, -0.25614, -0.25767, -0.25920, -0.26687, -0.27608, -0.27761, -0.28221, -0.28221, -0.28221, -0.28375, -0.28375, -0.28375, -0.28221, -0.28375, -0.28375, -0.28375, -0.28375, -0.28375, -0.28682, -0.28988, -0.29295, -0.29449, -0.29449, -0.29755, -0.29909, -0.30676, -0.30983, -0.31136, -0.31443, -0.31596, -0.31750, -0.31750, -0.31750, -0.31750, -0.31750, -0.31750, -0.31596, -0.31750, -0.31750, -0.31750, -0.31750, -0.31596, -0.31596, -0.31750, -0.31596, -0.31596, -0.31596, -0.31596, -0.31596, -0.31596, -0.31596, -0.31443, -0.31136, -0.31136, -0.31136, -0.31136, -0.30829, -0.30676, -0.29755, -0.29755, -0.29755, -0.29755, -0.29142, -0.29142, -0.29142, -0.29142, -0.28988, -0.29142, -0.28835, -0.28988, -0.28835, -0.28835, -0.28835, -0.28835, -0.28835, -0.28835, -0.28835, -0.28835, -0.28835, -0.28835, -0.28835, -0.28835, -0.28835, -0.28835, -0.28835, -0.28835, -0.28835, -0.28835, -0.28835, -0.28528, -0.27915, -0.27915, -0.27915, -0.27915, -0.27915, -0.27915, -0.27915, -0.27915, -0.27915, -0.27915, -0.27915, -0.27915, -0.27761, -0.27915, -0.27761, -0.27915, -0.27915, -0.27915, -0.27915, -0.27608, -0.27608, -0.27454, -0.27454, -0.27301, -0.27301, -0.27148, -0.27148, -0.26994, -0.26994, -0.26841, -0.26381, -0.25920, -0.25767, -0.25153, -0.25153, -0.25153, -0.25000, -0.24847, -0.24847, -0.24693, -0.24693, -0.24386, -0.24386, -0.24233, -0.24080, -0.23773, -0.23619, -0.23466, -0.23313, -0.23159, -0.23159, -0.23006, -0.23006, -0.22852, -0.22852, -0.22699, -0.22392, -0.22392, -0.22239, -0.22392, -0.22239, -0.22239, -0.22392, -0.22239, -0.22239, -0.22239, -0.22239, -0.22239, -0.22239, -0.22239, -0.22239, -0.22392, -0.22392, -0.22239, -0.22239, -0.22239, -0.22239, -0.22392, -0.22392, -0.22392, -0.22392, -0.22392, -0.22392, -0.22392, -0.22392, -0.22392, -0.22392, -0.22392, -0.22392, -0.22392, -0.22546, -0.22546, -0.22546, -0.22546, -0.22546, -0.22546, -0.22546, -0.22546, -0.22546, -0.22546, -0.22699, -0.22699, -0.22699, -0.22852, -0.22852, -0.22852, -0.22852, -0.22852, -0.22852, -0.22852, -0.22852, -0.22852, -0.22852, -0.22852, -0.22852, -0.22852, -0.22852, -0.22852, -0.22852, -0.22699, -0.22852];

T2=[ -0.03686, -0.03839, -0.03839, -0.03686, -0.03686, -0.03839, -0.03686, -0.03839, -0.03686, -0.03839, -0.03839, -0.03686, -0.03686, -0.03686, -0.03686, -0.03839, -0.03686, -0.03839, -0.03686, -0.03839, -0.03839, -0.03839, -0.03839, -0.03839, -0.03839, -0.03839, -0.03839, -0.03839, -0.03839, -0.03839, -0.03839, -0.03839, -0.03839, -0.03839, -0.03839, -0.03839, -0.03839, -0.03839, -0.03839, -0.03839, -0.03839, -0.03839, -0.03839, -0.03839, -0.03839, -0.03993, -0.03839, -0.03993, -0.03993, -0.03839, -0.03993, -0.03993, -0.03993, -0.03993, -0.03993, -0.03993, -0.03993, -0.03839, -0.03993, -0.03993, -0.03993, -0.03993, -0.03993, -0.03993, -0.03993, -0.03993, -0.03993, -0.03993, -0.03993, -0.03993, -0.03993, -0.03993, -0.03993, -0.03993, -0.03993, -0.03993, -0.03993, -0.03839, -0.03839, -0.03839, -0.03839, -0.03839, -0.03839, -0.03839, -0.03839, -0.03839, -0.03686, -0.03839, -0.03839, -0.03839, -0.03839, -0.03839, -0.03839, -0.03993, -0.03993, -0.03993, -0.03993, -0.03993, -0.03993, -0.03993, -0.03993, -0.03993, -0.03993, -0.03839, -0.03839, -0.03839, -0.03839, -0.03839, -0.03839, -0.03839, -0.03839, -0.03839, -0.03839, -0.03839, -0.03686, -0.03686, -0.03686, -0.03686, -0.03686, -0.03686, -0.03686, -0.03686, -0.03686, -0.03686, -0.03686, -0.03686, -0.03686, -0.03686, -0.03686, -0.03686, -0.03686, -0.03686, -0.03686, -0.03839, -0.03839, -0.03839, -0.03993, -0.03993, -0.03993, -0.03993, -0.04146, -0.04606, -0.04760, -0.05066, -0.05833, -0.07061, -0.08441, -0.09668, -0.11049, -0.12430, -0.13964, -0.15498, -0.17032, -0.18259, -0.19026, -0.19946, -0.21020, -0.22554, -0.24241, -0.25008, -0.25008, -0.25008, -0.25469, -0.25775, -0.26236, -0.26696, -0.27003, -0.27309, -0.27616, -0.27923, -0.27923, -0.28076, -0.28383, -0.28537, -0.28690, -0.29150, -0.29150, -0.29304, -0.29457, -0.29917, -0.30224, -0.30531, -0.30991, -0.31298, -0.31605, -0.31758, -0.32065, -0.32372, -0.32985, -0.33599, -0.33906, -0.34212, -0.34826, -0.35133, -0.35440, -0.35900, -0.36207, -0.36667, -0.36667, -0.36820, -0.36974, -0.37280, -0.37434, -0.37741, -0.38508, -0.38814, -0.39581, -0.39888, -0.40042, -0.40042, -0.40042, -0.40348, -0.40502, -0.40502, -0.40655, -0.40655, -0.40655, -0.40655, -0.40655, -0.40655, -0.40655, -0.40348, -0.40348, -0.40042, -0.40042, -0.40042, -0.40042, -0.40042, -0.40042, -0.39888, -0.39888, -0.39735, -0.39735, -0.39428, -0.39275, -0.39121, -0.38968, -0.38661, -0.38354, -0.38201, -0.37894, -0.37587, -0.37587, -0.37587, -0.37587, -0.37587, -0.37587, -0.37587, -0.37434, -0.37434, -0.37280, -0.37280, -0.37280, -0.37127, -0.36974, -0.36820, -0.36820, -0.36820, -0.36820, -0.36820, -0.36820, -0.36820, -0.36820, -0.36820, -0.36667, -0.36360, -0.36207, -0.36053, -0.35900, -0.35900, -0.35900, -0.35900, -0.35746, -0.35746, -0.35440, -0.35286, -0.34979, -0.34673, -0.34519, -0.34366, -0.34366, -0.34212, -0.34059, -0.33906, -0.33752, -0.33292, -0.32678, -0.31605, -0.30991, -0.30684, -0.30531, -0.30531, -0.30377, -0.30071, -0.29610, -0.29304, -0.28537, -0.27923, -0.27156, -0.26696, -0.26082, -0.25622, -0.25315, -0.25008, -0.24702, -0.24548, -0.24241, -0.24088, -0.23935, -0.23628, -0.23168, -0.22707, -0.22401, -0.22247, -0.21940, -0.21787, -0.21787, -0.21634, -0.21327, -0.21020, -0.20713, -0.20406, -0.19946, -0.19486, -0.19026, -0.18259, -0.17645, -0.17032, -0.16571, -0.16418, -0.15651, -0.14884, -0.14117, -0.13503, -0.12890, -0.12583, -0.12276, -0.12276, -0.12430, -0.12276, -0.12276, -0.12430, -0.12276, -0.12276, -0.12276, -0.12276, -0.12276, -0.12276, -0.12276, -0.12430, -0.12430, -0.12430, -0.12430, -0.12583, -0.12583, -0.12583, -0.12583, -0.12430, -0.12430, -0.12583, -0.12583, -0.12583, -0.13503, -0.13503, -0.13503, -0.13503, -0.13503, -0.13503, -0.13503, -0.13503, -0.13503, -0.13503, -0.13657, -0.13503, -0.13503, -0.13657, -0.13503, -0.13657, -0.13657, -0.13657, -0.13657, -0.13503, -0.13657, -0.13657];

