function SwimmingReflexok(ID1,ID2,ID3,ID4,ID5,ID6)
global dcps;
global massimo
global minimo
T1=[ -0.21318, -0.21318, -0.21318, -0.21318, -0.21318, -0.21318, -0.21318, -0.21318, -0.21318, -0.21318, -0.21318, -0.21318, -0.21318, -0.21318, -0.21318, -0.21318, -0.21318, -0.21318, -0.21318, -0.21318, -0.21318, -0.21318, -0.21318, -0.21318, -0.21318, -0.21318, -0.21318, -0.21318, -0.21318, -0.21318, -0.21318, -0.21318, -0.21318, -0.21318, -0.21318, -0.21318, -0.21318, -0.21318, -0.21318, -0.21318, -0.21318, -0.21318, -0.21318, -0.21318, -0.21318, -0.21318, -0.21318, -0.21318, -0.21318, -0.21318, -0.21318, -0.21318, -0.21318, -0.21318, -0.21318, -0.21318, -0.21318, -0.21318, -0.21318, -0.21318, -0.21318, -0.21318, -0.21318, -0.21318, -0.21318, -0.21318, -0.21318, -0.21318, -0.21318, -0.21318, -0.21318, -0.21165, -0.21318, -0.21318, -0.21318, -0.21318, -0.21318, -0.21318, -0.21318, -0.21318, -0.21165, -0.21318, -0.21165, -0.21318, -0.21165, -0.21318, -0.21318, -0.21318, -0.21318, -0.21165, -0.21165, -0.21318, -0.21318, -0.21165, -0.21318, -0.21318, -0.21318, -0.21165, -0.21165, -0.21165, -0.21165, -0.21165, -0.21165, -0.21165, -0.21165, -0.21165, -0.21165, -0.21165, -0.21165, -0.20705, -0.20705, -0.20705, -0.20705, -0.20551, -0.20551, -0.20398, -0.20398, -0.20398, -0.20245, -0.20245, -0.20245, -0.20091, -0.20245, -0.20245, -0.20091, -0.20091, -0.20091, -0.20091, -0.19784, -0.19324, -0.18557, -0.17637, -0.16870, -0.16410, -0.16256, -0.16256, -0.16103, -0.15949, -0.15336, -0.14722, -0.14109, -0.13802, -0.13802, -0.13802, -0.13802, -0.13802, -0.13802, -0.13802, -0.13802, -0.13802, -0.13802, -0.13955, -0.13955, -0.14262, -0.14262, -0.14415, -0.14415, -0.14722, -0.14722, -0.14876, -0.14722, -0.14876, -0.14876, -0.14876, -0.14876, -0.14722, -0.14876, -0.14876, -0.14722, -0.14722, -0.14722, -0.14876, -0.14722, -0.14876, -0.14722, -0.14722, -0.14722, -0.14876, -0.14876, -0.14876, -0.14876, -0.14876, -0.14876, -0.14876, -0.14876, -0.14876, -0.14876, -0.14876, -0.14876, -0.14876, -0.14876, -0.14876, -0.14876, -0.14876, -0.14876, -0.14876, -0.14876, -0.14876, -0.14876, -0.14876, -0.14876, -0.14876, -0.14876, -0.14876, -0.14876, -0.14876, -0.14876, -0.14876, -0.14876, -0.14876, -0.14876, -0.14876, -0.14876, -0.14876, -0.14876, -0.14876, -0.14876, -0.14876, -0.14876, -0.14876, -0.14722, -0.14876, -0.14876, -0.14876, -0.14876, -0.14722, -0.14722, -0.14876, -0.14876, -0.14876, -0.14876, -0.14876, -0.14876, -0.14722, -0.14876, -0.14876, -0.14722, -0.14876, -0.14876, -0.14876, -0.14876, -0.14876, -0.14876, -0.14876, -0.14876, -0.14876, -0.14876, -0.14876, -0.14876, -0.14876, -0.14876, -0.14722, -0.14876, -0.14876, -0.14876, -0.14876, -0.14876, -0.14876, -0.14876, -0.14876, -0.14876, -0.14876, -0.14876, -0.14876, -0.14876, -0.14876, -0.14876, -0.14876, -0.14876, -0.14876, -0.14876, -0.14876, -0.14876, -0.14876, -0.14876, -0.14722, -0.14722, -0.14876, -0.14722, -0.14876, -0.14876, -0.14722, -0.14876, -0.14876, -0.14876, -0.14876, -0.14876, -0.14876, -0.14876, -0.14876, -0.14876, -0.14722, -0.14876, -0.14876, -0.14876, -0.14722, -0.14876, -0.14876, -0.14876, -0.14722, -0.14876, -0.14876, -0.14876, -0.14876, -0.14876, -0.14876, -0.14876, -0.14722, -0.14722, -0.14722, -0.14876, -0.14876, -0.14876, -0.14722, -0.14876, -0.14876, -0.14876, -0.14876, -0.14722, -0.14876, -0.14876, -0.14876, -0.14876, -0.14876, -0.14722, -0.14722, -0.14876, -0.14722, -0.14876, -0.14722, -0.14876, -0.14876, -0.14876, -0.14876, -0.14722, -0.14722, -0.14876, -0.14722, -0.14722, -0.14876, -0.14876, -0.14876, -0.14722, -0.14876, -0.14876, -0.14876, -0.14876, -0.14876, -0.14876, -0.14722, -0.14876, -0.14722, -0.14876, -0.14876, -0.14876, -0.14876, -0.14876, -0.14722, -0.14876, -0.14722, -0.14876, -0.14876, -0.14876, -0.14876, -0.14722, -0.14876, -0.14876, -0.14722, -0.14876, -0.14876, -0.14876, -0.14876, -0.14876, -0.14876, -0.14876, -0.14876, -0.14876, -0.14876, -0.14876, -0.14876, -0.14876, -0.14876, -0.14876, -0.14876, -0.14876, -0.14876, -0.14876, -0.14876, -0.14876, -0.14876, -0.14876, -0.14876, -0.14876, -0.14876, -0.14876, -0.14876, -0.14876, -0.14876, -0.14876, -0.14876, -0.14876, -0.14876, -0.14876, -0.14876, -0.14876, -0.14876, -0.14876, -0.14876, -0.14876, -0.14876, -0.14876, -0.14876, -0.14876, -0.14876, -0.14876, -0.14876, -0.14876, -0.14876, -0.14722, -0.14876, -0.14876, -0.14876, -0.14876, -0.14876, -0.14876, -0.14876, -0.14876, -0.14876, -0.14876, -0.14876, -0.14876, -0.14876, -0.14876, -0.14876, -0.14876, -0.14722, -0.14876, -0.14876, -0.14876, -0.14876, -0.14876, -0.14876, -0.14876, -0.14876, -0.14876, -0.14876, -0.14876, -0.14876, -0.14876, -0.14876, -0.14876, -0.14876, -0.14876, -0.14876, -0.14876, -0.14876, -0.14876, -0.14876, -0.14876, -0.14876, -0.14876, -0.14876, -0.14876, -0.14876, -0.14876, -0.14876, -0.14876, -0.14876, -0.14876, -0.14876, -0.14876, -0.14876, -0.14876, -0.14876, -0.14876, -0.14876, -0.14876, -0.14876, -0.14876, -0.14876, -0.14876, -0.14876, -0.14876, -0.14876, -0.14876, -0.14876, -0.14876, -0.14876, -0.14876, -0.14876, -0.14876, -0.14876, -0.14876, -0.14876, -0.14876, -0.14876, -0.14876, -0.14876, -0.14876, -0.14876];
