function SwimmingReflex2(ID1,ID2,ID3,ID4,ID5,ID6)
global dcps;
global massimo
global minimo
T1=[ -0.28988, -0.28988, -0.28988, -0.28988, -0.28988, -0.28988, -0.28988, -0.28988, -0.28988, -0.28988, -0.28988, -0.28988, -0.28988, -0.28988, -0.28988, -0.28988, -0.28988, -0.28988, -0.28988, -0.28988, -0.28988, -0.28988, -0.28988, -0.28988, -0.28835, -0.28988, -0.28988, -0.28988, -0.28988, -0.28835, -0.28988, -0.28835, -0.28988, -0.28835, -0.28988, -0.28835, -0.28835, -0.28988, -0.28835, -0.28988, -0.28988, -0.28835, -0.28835, -0.28835, -0.28835, -0.28835, -0.28835, -0.28835, -0.28835, -0.28835, -0.28835, -0.28835, -0.28835, -0.28835, -0.28988, -0.28988, -0.28835, -0.28835, -0.28988, -0.28835, -0.28988, -0.28835, -0.28835, -0.28988, -0.28988, -0.28835, -0.28835, -0.28988, -0.28835, -0.28988, -0.28835, -0.28835, -0.28988, -0.28988, -0.28988, -0.28835, -0.28988, -0.28988, -0.28988, -0.28835, -0.28835, -0.28835, -0.28988, -0.28988, -0.28988, -0.28988, -0.28988, -0.28988, -0.28988, -0.28988, -0.28988, -0.28988, -0.28988, -0.28988, -0.28988, -0.28988, -0.28988, -0.28988, -0.28988, -0.28988, -0.28988, -0.28988, -0.28988, -0.28988, -0.28988, -0.28988, -0.28835, -0.28988, -0.28988, -0.28988, -0.28988, -0.28988, -0.28988, -0.28988, -0.28988, -0.28988, -0.28988, -0.28988, -0.28988, -0.28988, -0.28988, -0.28988, -0.28988, -0.28988, -0.28988, -0.28988, -0.28988, -0.28988, -0.28988, -0.28988, -0.28988, -0.28988, -0.28988, -0.28835, -0.28835, -0.28835, -0.28835, -0.28835, -0.28835, -0.28835, -0.28835, -0.28835, -0.28835, -0.28835, -0.28835, -0.28835, -0.28835, -0.28835, -0.28835, -0.28835, -0.28835, -0.28835, -0.28835, -0.28835, -0.28835, -0.28835, -0.28835, -0.28835, -0.28835, -0.28835, -0.28835, -0.28835, -0.28988, -0.28835, -0.28835, -0.28835, -0.28835, -0.28835, -0.28835, -0.28835, -0.28835, -0.28835, -0.28835, -0.28835, -0.28835, -0.28835, -0.28835, -0.28835, -0.28835, -0.28835, -0.28835, -0.28835, -0.28835, -0.28988, -0.28835, -0.28835, -0.28835, -0.28988, -0.28835, -0.28988, -0.28835, -0.28835, -0.28988, -0.28835, -0.28835, -0.28988, -0.28988, -0.28988, -0.28988, -0.28988, -0.28988, -0.28988, -0.28988, -0.28988, -0.28988, -0.28988, -0.28988, -0.28988, -0.28988, -0.28988, -0.28835, -0.28988, -0.28835, -0.28988, -0.28835, -0.28835, -0.28835, -0.28835, -0.28835, -0.28835, -0.28835, -0.28835, -0.28682, -0.28682, -0.28835, -0.28835, -0.28682, -0.28835, -0.28682, -0.28682, -0.28682, -0.28682, -0.28682, -0.28682, -0.28682, -0.28682, -0.28682, -0.28682, -0.28682, -0.28528, -0.28528, -0.28375, -0.27761, -0.27761, -0.27761, -0.27761, -0.27761, -0.27761, -0.27761, -0.27761, -0.27761, -0.27761, -0.27761, -0.27761, -0.27761, -0.27761, -0.27761, -0.27761, -0.27761, -0.27761, -0.27761, -0.27761, -0.27761, -0.27761, -0.27761, -0.27761, -0.27761, -0.27761, -0.27761, -0.27761, -0.27761, -0.27761];
T2=[ 0.02604, 0.02604, 0.02604, 0.02604, 0.02604, 0.02604, 0.02604, 0.02604, 0.02604, 0.02604, 0.02604, 0.02604, 0.02604, 0.02604, 0.02604, 0.02604, 0.02604, 0.02604, 0.02604, 0.02604, 0.02604, 0.02604, 0.02604, 0.02604, 0.02604, 0.02604, 0.02604, 0.02450, 0.02450, 0.02604, 0.02450, 0.02604, 0.02450, 0.02450, 0.02450, 0.02450, 0.02450, 0.02297, 0.02450, 0.02297, 0.02297, 0.02297, 0.02297, 0.02297, 0.02297, 0.02297, 0.02297, 0.02297, 0.02297, 0.02297, 0.02297, 0.02297, 0.02297, 0.02297, 0.02297, 0.02297, 0.02297, 0.02297, 0.02297, 0.02297, 0.02297, 0.02297, 0.02297, 0.02297, 0.02297, 0.02297, 0.02297, 0.02297, 0.02143, 0.02143, 0.01990, 0.01837, 0.01683, 0.01683, 0.01530, 0.01376, 0.01376, 0.01070, 0.00763, 0.00303, -0.00311, -0.01078, -0.01845, -0.02612, -0.03379, -0.03839, -0.04299, -0.04913, -0.05680, -0.06600, -0.07367, -0.08134, -0.09208, -0.10435, -0.11663, -0.12890, -0.14117, -0.15191, -0.16265, -0.17185, -0.18105, -0.18719, -0.19179, -0.19793, -0.20713, -0.21787, -0.23014, -0.24395, -0.25162, -0.25469, -0.25622, -0.25469, -0.25315, -0.25469, -0.25315, -0.25469, -0.25469, -0.25469, -0.25469, -0.25469, -0.25622, -0.25622, -0.25622, -0.25622, -0.25775, -0.25775, -0.25775, -0.25622, -0.25622, -0.25775, -0.26082, -0.26236, -0.26389, -0.26696, -0.27156, -0.27309, -0.27309, -0.27309, -0.27309, -0.27309, -0.27309, -0.27309, -0.27309, -0.27309, -0.27309, -0.27309, -0.27309, -0.27309, -0.27309, -0.27463, -0.27463, -0.27463, -0.27309, -0.27463, -0.27463, -0.27463, -0.27463, -0.27309, -0.27463, -0.27616, -0.27616, -0.27616, -0.27616, -0.27770, -0.27770, -0.27770, -0.27770, -0.27770, -0.27770, -0.27770, -0.27770, -0.27923, -0.27770, -0.27923, -0.27923, -0.27770, -0.27770, -0.27923, -0.27923, -0.27923, -0.27923, -0.27923, -0.27923, -0.28076, -0.27923, -0.27923, -0.27463, -0.27309, -0.27309, -0.27309, -0.27309, -0.27309, -0.27309, -0.27309, -0.27309, -0.27309, -0.27309, -0.27309, -0.27309, -0.27309, -0.27309, -0.27309, -0.27309, -0.27309, -0.26236, -0.26236, -0.25008, -0.24702, -0.23781, -0.22861, -0.22247, -0.21787, -0.21173, -0.20406, -0.19793, -0.19179, -0.18566, -0.17492, -0.16418, -0.15037, -0.13810, -0.12276, -0.10896, -0.09668, -0.08441, -0.07367, -0.06600, -0.05527, -0.04453, -0.03379, -0.02612, -0.01231, -0.00925, -0.00158, 0.00609, 0.01530, 0.02297, 0.03217, 0.04138, 0.04751, 0.05518, 0.06439, 0.07359, 0.07819, 0.08433, 0.09046, 0.09507, 0.09660, 0.09967, 0.09967, 0.09967, 0.10120, 0.10120, 0.10120, 0.10120, 0.10120, 0.10120, 0.10120, 0.10120, 0.10120, 0.10120, 0.09967, 0.10120, 0.10120, 0.10120, 0.10120, 0.10120, 0.10120, 0.10120, 0.09967, 0.10120, 0.10120];
T3=[ 1.43885, 1.44038, 1.44038, 1.44345, 1.44345, 1.44652, 1.44959, 1.45112, 1.45572, 1.46186, 1.46800, 1.47413, 1.47873, 1.48487, 1.49101, 1.49714, 1.50328, 1.50941, 1.51555, 1.52322, 1.53242, 1.54316, 1.55390, 1.56771, 1.58305, 1.59532, 1.61066, 1.63060, 1.66435, 1.68122, 1.70423, 1.72878, 1.75025, 1.76559, 1.78553, 1.80394, 1.82542, 1.84536, 1.86223, 1.88064, 1.89905, 1.91592, 1.93126, 1.95427, 1.97268, 1.99262, 2.00950, 2.02637, 2.04018, 2.05398, 2.06779, 2.08313, 2.08567, 2.08567, 2.08567, 2.08567, 2.08567, 2.08567, 2.08567, 2.08567, 2.08567, 2.08567, 2.08567, 2.08567, 2.08567, 2.08567, 2.08567, 2.08567, 2.08567, 2.08567, 2.08567, 2.08567, 2.08567, 2.08567, 2.08567, 2.08567, 2.08567, 2.08567, 2.08567, 2.08567, 2.08567, 2.08567, 2.08567, 2.08567, 2.08567, 2.08567, 2.08567, 2.08567, 2.08567, 2.08567, 2.08567, 2.08567, 2.08567, 2.08567, 2.08567, 2.08567, 2.08567, 2.08567, 2.08567, 2.08567, 2.08567, 2.08567, 2.08567, 2.08567, 2.08567, 2.08567, 2.08567, 2.08567, 2.08567, 2.08567, 2.08567, 2.08567, 2.08567, 2.08567, 2.08567, 2.08567, 2.08567, 2.08567, 2.08567, 2.08567, 2.08567, 2.07393, 2.04171, 2.00950, 1.97882, 1.87911, 1.79167, 1.74105, 1.71804, 1.70577, 1.68582, 1.66742, 1.64747, 1.62600, 1.59992, 1.56771, 1.53703, 1.51402, 1.48487, 1.44959, 1.41891, 1.38823, 1.31613, 1.22562, 1.16580, 1.11978, 1.09370, 1.08756, 1.07222, 1.04921, 1.01240, 0.94183, 0.83445, 0.76236, 0.70867, 0.67952, 0.66878, 0.65804, 0.63964, 0.61509, 0.57674, 0.54760, 0.51385, 0.48624, 0.45709, 0.40033, 0.31750, 0.23619, 0.18864, 0.17790, 0.17023, 0.16103, 0.14569, 0.12728, 0.08279, -0.00311, -0.07367, -0.11049, -0.11509, -0.12583, -0.14117, -0.15958, -0.18412, -0.21020, -0.24548, -0.33752, -0.41576, -0.45564, -0.46791, -0.47405, -0.48325, -0.49552, -0.50473, -0.51393, -0.52007, -0.52160, -0.52160, -0.52160, -0.52160, -0.52160, -0.52160, -0.52160, -0.52007, -0.51240, -0.50166, -0.49706, -0.48018, -0.47251, -0.45717, -0.44030, -0.41422, -0.39581, -0.37434, -0.35440, -0.33139, -0.31451, -0.29457, -0.27309, -0.24855, -0.23014, -0.20867, -0.18719, -0.16571, -0.14731, -0.12430, -0.10435, -0.08595, -0.06907, -0.05373, -0.03839, -0.02459, -0.00158, 0.00609, 0.02143, 0.03524, 0.05058, 0.06745, 0.08279, 0.09967, 0.11194, 0.12728, 0.14569, 0.16103, 0.17790, 0.19478, 0.21472, 0.23159, 0.24386, 0.25460, 0.25920, 0.26074, 0.26227, 0.26227, 0.26381, 0.26381, 0.26227, 0.26381, 0.26227, 0.26227, 0.26227, 0.26227, 0.26227, 0.26227, 0.26227, 0.26074, 0.26074, 0.26074, 0.26074, 0.26074, 0.26074, 0.25767, 0.25000];
